img1

0.0019290000;
0.0019060000;
0.0019280000;
0.0018980000;
0.0019130000;
0.0019200000;
0.0019170000;
0.0019150000;
0.0019290000;
0.0019100000;

img2

0.0022430000;
0.0022780000;
0.0022600000;
0.0022570000;
0.0022310000;
0.0022580000;
0.0022640000;
0.0022760000;
0.0022280000;
0.0022620000;


img3
0.0052590000;
0.0052560000;
0.0052850000;
0.0052680000;
0.0052510000;
0.0052610000;
0.0052320000;
0.0052650000;
0.0052540000;


img4
0.0052550000;
0.0177890000;
0.0177420000;
0.0178450000;
0.0177220000;
0.0176880000;
0.0177210000;
0.0176400000;
0.0178140000;
0.0178360000;

img5

0.0929390000;
0.0928970000;
0.0914900000;
0.0921910000;
0.0917880000;
0.0918540000;
0.0922710000;
0.0916340000;
0.0919500000;
0.0916550000;

img6


0.0688260000;
0.0676280000;
0.0678870000;
0.0676980000;
0.0674330000;
0.0681330000;
0.0681240000;
0.0679160000;
0.0671500000;
0.0676050000;

img7
0.4466960000;
0.4454830000;
0.4432320000;
0.4469100000;
0.4487980000;
0.4466860000;
0.4475240000;
0.4463890000;
0.4473540000;
0.4471200000;

img8

0.2998430000;
0.2968060000;
0.2963350000;
0.2941220000;
0.2949650000;
0.2944190000;
0.2947730000;
0.2964220000;
0.2966470000;
0.2964260000;


img9

0.6927720000;
0.6910700000;
0.6891320000;
0.6994410000;
0.6915830000;
0.7002310000;
0.6965950000;
0.6916030000;
0.6955620000;
0.6963380000;
