img1
0.0004830000
0.0005110000
0.0004820000
0.0004870000
0.0004880000
0.0004820000
0.0004890000
0.0004840000
0.0004850000
0.0004830000

img2

0.0005690000
0.0005880000
0.0005720000
0.0005650000
0.0005640000
0.0005890000
0.0005630000
0.0005660000
0.0005610000
0.0005640000

img3


0.0044500000
0.0010510000
0.0013950000
0.0044240000
0.0043950000
0.0010570000
0.0010660000
0.0044030000
0.0043670000
0.0010530000
0.0043770000

img4 

0.0045500000
0.0012030000
0.0046060000
0.0012580000
0.0012090000
0.0012250000
0.0012600000
0.0012490000
0.0012420000
0.0012440000

img5

0.0056650000
0.0056200000
0.0022730000
0.0022700000
0.0022660000
0.0022860000
0.0056720000
0.0056550000
0.0022940000
0.0022710000

img6

0.0053840000
0.0052520000
0.0053100000
0.0019590000
0.0018940000
0.0018940000
0.0053060000
0.0019340000
0.0018940000
0.0019200000

img7

0.0105300000
0.0105190000
0.0105260000
0.0072080000
0.0105570000
0.0112150000
0.0072080000
0.0072090000
0.0072100000
0.0105350000

img8

0.0051960000
0.0051570000
0.0051340000
0.0051610000
0.0051450000
0.0085510000
0.0051930000
0.0051790000
0.0052120000
0.0051680000

img9

0.0141520000
0.0141580000
0.0141200000
0.0141290000
0.0141720000
0.0141540000
0.0108090000
0.0141190000
0.0108110000
0.0141370000
